69000 0.0114171504974
138000 0.0501301288605
207000 0.0886690616608
276000 0.125195026398
345000 0.163832187653
414000 0.202408075333
483000 0.239024162292
552000 0.277997016907
621000 0.316171169281
690000 0.354026079178
759000 0.391347169876
828000 0.430005073547
897000 0.466896057129
966000 0.5051009655
1035000 0.543714046478
1104000 0.580404043198
1173000 0.618920087814
1242000 0.658689975739
1311000 0.693988084793
1380000 0.732673168182
1449000 0.771254062653
1518000 0.807762145996
1587000 0.846364974976
1656000 0.884966135025
1725000 0.921533107758
1794000 0.960139989853
1863860 0.999523162842
1933860 1.03623104095
2003560 1.0753660202
2072560 1.11386919022
2141560 1.15041804314
2210560 1.18927907944
2279560 1.22762107849
2348560 1.26413416862
2417560 1.30374598503
2486560 1.34136009216
2555560 1.37979006767
2624560 1.41654515266
2693560 1.45514416695
2762560 1.49167108536
2831560 1.53026008606
2900560 1.56890416145
2969840 1.60610413551
3039840 1.6447160244
3109560 1.68384408951
3178560 1.72028613091
3247560 1.75929713249
3316560 1.79803109169
3385560 1.83407616615
3454560 1.87262296677
3523560 1.91132998466
3592560 1.94782304764
3661560 1.98656010628
3730560 2.02500915527
3799560 2.06160616875
3868560 2.10013914108
3937560 2.14025712013
4006560 2.17535996437
4075560 2.21395516396
4144560 2.25255918503
4213560 2.29042315483
4283020 2.32795906067
4352020 2.36654114723
4421020 2.40476918221
4490020 2.44277715683
4559020 2.4803609848
4628020 2.51688313484
4697020 2.55684399605
4766020 2.59409213066
4835020 2.63066101074
4904020 2.66925096512
4973020 2.70785307884
5042440 2.74586510658
5111440 2.78323101997
5180660 2.82193613052
5250060 2.85877919197
5319060 2.89730000496
5388480 2.93666815758
5457480 2.97274899483
5526480 3.01128816605
5595480 3.04990196228
5664480 3.08725404739
5733480 3.12522912025
5802880 3.1638250351
5871880 3.20049619675
5941280 3.23936319351
6010300 3.27793312073
6079300 3.31447410583
6148720 3.35326313972
6217720 3.39180803299
6287020 3.42859315872
6356200 3.46716809273
6425200 3.505849123
6494200 3.54245996475
6563200 3.5809431076
6632200 3.61957216263
6701580 3.65645217896
6770580 3.69499707222
6839940 3.73370909691
6908960 3.770414114
6977960 3.80888414383
7047500 3.84781908989
7116500 3.88450503349
7185500 3.92304396629
7254500 3.96167397499
7323500 3.99823617935
7392860 4.03707313538
7461860 4.075507164
7530860 4.11218905449
7600160 4.15097618103
7669160 4.18941998482
7738220 4.22609519958
7807580 4.26486301422
7876580 4.30354404449
7946000 4.34025502205
8015000 4.37898302078
8084000 4.41750407219
8153400 4.45437312126
8222400 4.49330306053
8291400 4.53138518333
8360400 4.569190979
8429400 4.60663509369
8498580 4.64535617828
8567580 4.68188118935
8636620 4.7204220295
8706000 4.75981402397
8775000 4.7958650589
8844140 4.8346991539
8913140 4.87396597862
8982140 4.90974903107
9051200 4.94835209846
9120200 4.98692512512
9189320 5.02360200882
9258620 5.0622420311
9327620 5.10092306137
9396920 5.13769412041
9465920 5.17673611641
9534920 5.21561217308
9603940 5.25146818161
9672940 5.28992605209
9741940 5.32850718498
9810940 5.36513710022
9879940 5.40367603302
9949140 5.44242811203
10018140 5.47909617424
10087140 5.51782202721
10156140 5.5561401844
10225140 5.59283399582
10294140 5.63140916824
10363140 5.66990613937
10432140 5.70659518242
10501140 5.74794411659
10570140 5.78369212151
10639140 5.82044506073
10708560 5.85912513733
10777560 5.89771699905
10846560 5.93445801735
10915560 5.97281002998
10984560 6.01152396202
11053920 6.04827713966
11122920 6.08686518669
11191920 6.12542104721
11260920 6.16204309464
11329920 6.20177316666
