69000 0.0865168571472
138000 0.200387001038
207000 0.313966035843
276000 0.427813053131
345920 0.542907953262
415860 0.658321857452
484860 0.771987915039
553860 0.885766983032
622860 0.999485015869
691860 1.11334705353
760860 1.22720599174
829860 1.34079289436
898860 1.45458197594
967860 1.56903600693
1036860 1.68209600449
1105860 1.79639792442
1174860 1.90996193886
1243860 2.02366900444
1312860 2.13719701767
1381860 2.25171494484
1450860 2.3647210598
1519960 2.47862696648
1589040 2.59253287315
1658220 2.70659804344
1727300 2.82063484192
1796380 2.93438792229
1865480 3.04826402664
1934560 3.16219782829
2003660 3.27621102333
2072720 3.3900179863
2141880 3.5039498806
2210980 3.61786985397
2280080 3.73343801498
2349140 3.84571099281
2418240 3.95958685875
2487340 4.07459902763
2556440 4.18743801117
2625560 4.3013780117
2694680 4.41548490524
2763740 4.52924394608
2832820 4.666877985
2901900 4.78062486649
2970980 4.89464402199
3040040 5.00857686996
3109140 5.12238788605
3178320 5.23646187782
3247420 5.35043096542
3316520 5.46443891525
3385600 5.57858204842
3454700 5.69221401215
3523800 5.80605697632
3592860 5.92000293732
3662040 6.03402090073
3731160 6.14783501625
3800240 6.26173591614
3869340 6.37560796738
