69000 0.0322248935699
138000 0.0891058444977
207000 0.145951032639
276000 0.205407857895
345000 0.259790897369
414000 0.316639900208
483000 0.3743288517
552000 0.430374860764
621000 0.487196922302
690000 0.544133901596
759000 0.600995063782
828000 0.658345937729
897000 0.714752912521
966000 0.771671056747
1035000 0.828589916229
1104000 0.885418891907
1173140 0.942363023758
1243140 1.00008106232
1313080 1.0577249527
1382080 1.1154088974
1451080 1.17145204544
1520080 1.22834801674
1589080 1.28523087502
1658080 1.34286904335
1727080 1.39897489548
1796080 1.45605683327
1865080 1.51281285286
1934080 1.57019591331
2003080 1.62653183937
2072080 1.68340706825
2141080 1.7402510643
2210080 1.79762291908
2279080 1.85405802727
2348080 1.91089391708
2417080 1.96817088127
2486880 2.02542686462
2556880 2.08336186409
2625980 2.14001989365
2694980 2.19703698158
2763980 2.25447392464
2832980 2.31063699722
2901980 2.36756896973
2970980 2.42452001572
3039980 2.48125195503
3108980 2.53931498528
3178140 2.59522199631
3247140 2.65203595161
3316340 2.70908284187
3385340 2.76591205597
3454540 2.82296299934
3523680 2.87992596626
3592700 2.93693804741
3661920 2.99385905266
3730920 3.05073904991
3800120 3.10835695267
3869120 3.16468191147
3938320 3.22178506851
4007380 3.27866888046
4076480 3.33562088013
4145680 3.39285588264
4214680 3.44953083992
4283880 3.50657486916
4352880 3.56424188614
4421880 3.6203649044
4491020 3.6774790287
4560080 3.73425197601
4629280 3.79131793976
4698280 3.8481938839
4767460 3.90515398979
4836460 3.96366405487
4905700 4.01995396614
4974700 4.07605290413
5043700 4.13968706131
5112900 4.1899368763
5181900 4.2468059063
5251100 4.30409097672
5320100 4.36070799828
5389280 4.41777086258
5458340 4.47566103935
5527460 4.53181004524
5596640 4.58874607086
5665640 4.64625787735
5734840 4.70268297195
5803840 4.75964999199
5872980 4.81672787666
5941980 4.87346100807
6011160 4.93043804169
6080320 4.98742794991
6149320 5.04430603981
6218480 5.10132193565
6287480 5.15834283829
6356640 5.21689987183
6425640 5.27206492424
6494780 5.32913184166
6563980 5.38630199432
6632980 5.44299888611
6702140 5.50003290176
6771140 5.55692005157
6840280 5.61397600174
6909280 5.67077803612
6978400 5.72777986526
7047560 5.78480792046
7116560 5.841796875
7185760 5.89873695374
7254760 5.95628404617
7323960 6.01263689995
7392960 6.06952691078
7462120 6.12678694725
7531260 6.18343687057
7600320 6.24051403999
7669500 6.29784703255
7738500 6.35431599617
7807680 6.41132903099
